
_____________________________________________________________________________________
| Lần lặp  |        Nghiệm x         |          f(x)           |       Sai số       |
_____________________________________________________________________________________
|    1     |        2.7567922        |        0.0140677        |     0.0422032      |
|    2     |        2.7236177        |        0.001961         |     0.0058831      |
|    3     |        2.7190226        |        0.0002725        |     0.0008174      |
|    4     |        2.7183847        |        3.78e-05         |     0.0001135      |
|    5     |        2.7182961        |         5.3e-06         |      1.58e-05      |
|    6     |        2.7182838        |          7e-07          |      2.2e-06       |
|    7     |        2.7182821        |          1e-07          |       3e-07        |
|    8     |        2.7182819        |           0.0           |        0.0         |
|    9     |        2.7182818        |           0.0           |        0.0         |
_____________________________________________________________________________________
Nghiệm của phương trình: 2.7182818337708543