
_____________________________________________________________________________________
| Lần lặp  |        Nghiệm x         |          f(x)           |       Sai số       |
_____________________________________________________________________________________
|    1     |    2.756792171024977    |    0.01406774690973     | 0.121603914447009  |
|    2     |    2.723617728992986    |    0.001961044002238    | 0.016587221010471  |
|    3     |    2.71902257840118     |    0.000272469551561    | 0.002297575295137  |
|    4     |    2.718384689674588    |    3.7839810558e-05     |  0.00031894436319  |
|    5     |    2.718296112392272    |     5.254751567e-06     |  4.4288641143e-05  |
|    6     |    2.718283812023014    |     7.29712138e-07      |  6.150184627e-06   |
|    7     |    2.718282103910406    |     1.01332887e-07      |   8.54056304e-07   |
|    8     |    2.718281866710124    |      1.4071785e-08      |   1.18600141e-07   |
|    9     |    2.718281833770854    |      1.954105e-09       |   1.6469635e-08    |
_____________________________________________________________________________________
Nghiệm của phương trình: 2.7182818337708543