
_________________________________________________________________
| Lần lặp  |        Nghiệm x         |          f(x)           |
_________________________________________________________________
|    1     |          0.54           |       -0.0784254        |
|    2     |        0.5007873        |       -0.0003187        |
|    3     |        0.500628         |        -1.2e-06         |
|    4     |        0.5006274        |          -0.0           |
|    5     |        0.5006274        |          -0.0           |
|    6     |        0.5006274        |          -0.0           |
|    7     |        0.5006274        |          -0.0           |
|    8     |        0.5006274        |           0.0           |
_________________________________________________________________